Name,Position,Price,xMins,GW10,GW11,GW12,GW13,Total,/£M,Elite%
M.Salah,MID,14.3,88,6.5,4.2,6.4,5.9,23.0,0.40,9.6%
Haaland,FWD,14.7,87,6.3,5.7,4.7,5.8,22.5,0.38,91.9%
Saka,MID,10.0,83,5.7,5.5,5.5,4.3,21.0,0.52,37.3%
B.Fernandes,MID,8.9,90,5.3,4.6,5.6,4.3,19.8,0.56,83.1%
Mateta,FWD,7.7,88,5.4,4.9,4.6,4.6,19.5,0.63,14.8%
Gyökeres,FWD,9.0,80,5.2,5.3,5.0,3.7,19.3,0.54,64.6%
Semenyo,MID,8.1,90,3.8,4.3,5.8,4.8,18.7,0.58,76.0%
Gabriel,DEF,6.4,92,4.8,4.8,4.5,3.6,17.7,0.69,92.2%
Sarr,MID,6.5,84,4.6,4.2,4.2,4.3,17.3,0.67,16.9%
Ndiaye,MID,6.5,78,4.5,4.7,3.7,4.1,17.1,0.66,44.8%
Enzo,MID,6.7,86,4.1,5.2,4.4,3.2,16.9,0.63,65.6%
Watkins,FWD,8.5,79,3.6,4.4,4.0,4.9,16.9,0.50,0.9%
Eze,MID,7.6,73,4.5,4.5,4.2,3.4,16.7,0.55,0.6%
Virgil,DEF,6.0,92,4.4,3.4,4.6,4.4,16.7,0.69,16.8%
Schade,MID,7.0,81,4.0,4.2,3.7,4.7,16.6,0.59,0.1%
Cunha,MID,7.9,76,4.3,3.9,4.5,3.7,16.5,0.52,0.4%
Gordon,MID,7.5,77,4.8,4.1,3.8,3.7,16.4,0.55,5.8%
Mbeumo,MID,8.1,78,4.3,3.9,4.5,3.7,16.4,0.50,0.9%
Gakpo,MID,7.6,77,4.6,3.3,4.4,4.0,16.2,0.53,0.9%
Minteh,MID,6.0,82,4.6,3.7,4.1,3.7,16.2,0.67,13.2%
Muñoz,DEF,5.6,91,4.4,3.9,4.2,3.5,16.0,0.72,6.8%
Foden,MID,8.1,73,4.5,3.8,3.3,4.4,16.0,0.49,7.0%
J.Timber,DEF,6.0,79,4.4,4.4,4.1,3.2,16.0,0.67,16.5%
Rice,MID,6.6,82,4.1,4.3,4.0,3.5,15.8,0.60,0.0%
Raya,GK,5.7,92,4.1,4.2,4.0,3.5,15.8,0.69,67.6%
Neto,MID,7.0,79,3.9,4.8,3.9,3.0,15.6,0.56,0.1%
Saliba,DEF,6.0,89,4.2,4.2,3.9,3.2,15.5,0.65,2.8%
Lacroix,DEF,5.1,90,4.0,3.8,4.2,3.5,15.5,0.76,14.8%
Georginio,MID,5.7,69,4.3,3.5,4.0,3.6,15.5,0.68,2.8%
Tarkowski,DEF,5.5,91,4.3,4.3,3.2,3.6,15.5,0.70,44.3%
Woltemade,FWD,7.5,84,4.5,3.8,3.6,3.4,15.3,0.51,3.5%
Damsgaard,MID,5.8,84,3.6,3.7,3.5,4.3,15.1,0.65,0.0%
Bowen,FWD,7.8,92,3.9,4.4,3.4,3.3,15.0,0.48,3.2%
João Pedro,FWD,7.5,79,3.8,4.4,3.9,2.9,14.9,0.50,53.1%
L.Paquetá,MID,5.9,84,3.9,4.4,3.4,3.2,14.9,0.63,8.2%
Donnarumma,GK,5.7,93,3.8,3.5,3.4,4.2,14.8,0.65,0.7%
Rogers,MID,6.8,86,3.3,3.8,3.5,4.2,14.7,0.54,0.4%
Calafiori,DEF,5.8,70,4.3,4.3,3.4,2.8,14.7,0.64,0.5%
Keane,DEF,4.5,88,4.2,4.1,3.1,3.3,14.7,0.82,9.5%
Guéhi,DEF,4.9,91,3.8,3.5,4.0,3.4,14.7,0.75,0.7%
O.Dango,MID,6.0,72,3.4,3.5,3.3,4.4,14.7,0.61,0.1%
Senesi,DEF,5.0,87,3.0,3.5,4.4,3.8,14.7,0.73,84.0%
Thiago,FWD,6.2,73,3.6,3.6,3.3,4.1,14.7,0.59,3.2%
Kudus,MID,6.8,79,4.0,4.1,2.6,3.9,14.6,0.54,1.5%
Yeremy,MID,5.8,73,3.8,3.6,3.7,3.5,14.6,0.63,0.0%
Anderson,MID,5.3,85,3.8,3.9,3.3,3.5,14.6,0.69,5.8%
Raúl,FWD,6.2,79,4.9,3.7,3.7,2.1,14.6,0.59,0.0%
Šeško,FWD,7.3,75,3.8,3.4,3.9,3.4,14.6,0.50,0.0%
Van Hecke,DEF,4.4,93,4.2,3.2,3.6,3.4,14.3,0.81,3.3%
Iwobi,MID,6.5,81,4.3,3.3,3.8,3.0,14.3,0.55,0.0%
Richards,DEF,4.5,88,3.8,3.4,3.8,3.3,14.3,0.79,15.1%
Petrović,GK,4.5,94,3.0,3.4,4.0,3.8,14.3,0.79,9.1%
E.Le Fée,MID,4.9,82,4.0,3.2,3.4,3.6,14.2,0.73,0.6%
Leno,GK,5.0,93,3.9,3.3,4.0,3.0,14.2,0.71,0.0%
Konaté,DEF,5.4,84,3.8,2.7,3.9,3.8,14.2,0.66,0.0%
Dewsbury-Hall,MID,5.0,82,3.7,3.8,3.2,3.4,14.1,0.70,6.1%
Tete,DEF,4.5,86,4.3,3.1,4.0,2.6,14.1,0.78,0.1%
Isak,FWD,10.5,60,1.6,3.3,4.8,4.4,14.1,0.34,0.2%
Evanilson,FWD,7.0,58,1.3,3.5,5.0,4.2,14.1,0.50,3.9%
Henderson,GK,5.0,93,3.6,3.4,3.7,3.3,14.0,0.70,0.0%
Caicedo,MID,5.9,91,3.5,3.8,3.5,3.2,14.0,0.59,0.4%
Mitchell,DEF,5.0,81,3.6,3.4,3.7,3.3,14.0,0.70,0.0%
Ayari,MID,4.9,82,3.9,3.2,3.5,3.4,14.0,0.71,0.0%
Pickford,GK,5.5,93,3.8,3.8,3.0,3.4,13.9,0.63,0.0%
Szoboszlai,MID,6.5,72,3.9,2.8,3.6,3.6,13.9,0.53,0.1%
Bruno G.,MID,6.5,87,3.9,3.5,3.2,3.3,13.8,0.53,0.1%
Verbruggen,GK,4.4,93,3.8,3.1,3.5,3.4,13.8,0.79,2.6%
Calvert-Lewin,FWD,5.5,78,3.6,3.6,3.8,2.9,13.8,0.63,21.6%
Martinez,GK,5.0,93,2.9,3.4,3.5,4.0,13.8,0.69,0.0%
Joelinton,MID,5.9,80,3.9,3.3,3.3,3.3,13.8,0.58,0.0%
Pope,GK,5.2,92,3.8,3.5,3.1,3.4,13.8,0.66,11.1%
Mac Allister,MID,6.3,77,3.8,2.8,3.7,3.4,13.7,0.54,0.0%
Cash,DEF,4.6,87,2.5,3.5,3.5,4.2,13.7,0.74,0.3%
Diakité,DEF,4.5,91,2.6,3.1,4.2,3.8,13.7,0.76,1.1%
Grealish,MID,6.9,80,3.7,3.8,3.0,3.2,13.7,0.49,0.5%
Cucurella,DEF,6.1,83,3.1,4.5,3.6,2.4,13.6,0.56,0.5%
Gibbs-White,MID,7.3,75,3.7,3.8,2.7,3.4,13.6,0.46,0.0%
Zubimendi,MID,5.5,86,3.5,3.5,3.4,3.2,13.6,0.62,0.0%
Sánchez,GK,4.9,87,3.2,4.0,3.4,2.9,13.5,0.69,9.0%
Andersen,DEF,4.5,85,1.9,3.5,4.7,3.5,13.5,0.75,80.2%
Vicario,GK,5.1,92,3.4,3.5,2.9,3.7,13.5,0.66,1.7%
Collins,DEF,4.9,92,3.3,3.3,2.9,3.9,13.4,0.69,0.0%
Lammens,GK,5.0,94,3.5,3.2,3.5,3.2,13.4,0.67,0.0%
Mykolenko,DEF,4.9,90,3.9,3.8,2.7,3.0,13.4,0.68,0.0%
Tonali,MID,5.4,87,3.7,3.3,3.1,3.3,13.4,0.62,0.0%
Kelleher,GK,4.5,93,3.2,3.3,3.1,3.8,13.3,0.74,0.7%
Truffert,DEF,4.5,90,2.3,2.9,4.3,3.8,13.3,0.74,0.9%
Ekitiké,FWD,8.6,72,4.4,2.4,3.3,3.2,13.2,0.38,0.1%
Van den Berg,DEF,4.5,89,3.2,3.3,2.9,3.8,13.1,0.73,0.0%
Pedro Porro,DEF,5.6,83,3.6,3.6,2.3,3.6,13.1,0.58,7.4%
Murillo,DEF,5.3,87,3.4,4.0,2.4,3.2,13.1,0.62,0.1%
Kluivert,MID,7.0,64,2.9,2.9,3.9,3.3,13.0,0.47,0.1%
Dunk,DEF,4.5,88,3.9,2.9,3.2,3.1,13.0,0.72,0.0%
O'Brien,DEF,5.0,91,3.7,3.6,2.6,3.0,13.0,0.65,0.0%
Roefs,GK,4.6,92,3.6,2.9,3.3,3.2,13.0,0.71,0.1%
Mitoma,MID,6.3,56,1.4,3.5,4.2,3.9,13.0,0.51,0.9%
Reijnders,MID,5.6,73,3.5,3.1,2.9,3.5,12.9,0.58,58.9%
Aït-Nouri,DEF,5.8,50,2.7,3.1,2.9,4.1,12.9,0.56,0.2%
Alderete,DEF,4.1,87,3.8,2.6,3.2,3.2,12.8,0.78,5.5%
Perri,GK,4.5,94,3.1,3.4,3.5,2.8,12.8,0.71,0.0%
Wirtz,MID,8.1,61,3.6,2.4,3.6,3.1,12.7,0.39,0.6%
Gvardiol,DEF,5.9,74,3.6,2.9,2.8,3.4,12.7,0.54,12.6%
Estêvão,MID,6.5,60,3.1,3.9,3.3,2.4,12.7,0.49,0.0%
Sels,GK,4.8,92,3.2,3.6,2.7,3.1,12.7,0.66,0.5%
Anthony,MID,5.7,70,2.9,3.7,3.2,2.9,12.6,0.55,0.4%
Konsa,DEF,4.4,91,2.2,3.3,3.2,3.9,12.6,0.72,0.6%
Marmoush,MID,8.3,37,2.9,3.3,2.6,3.8,12.5,0.38,0.0%
Tavernier,MID,5.5,60,2.6,2.9,3.7,3.3,12.4,0.57,0.1%
Dúbravka,GK,4.0,93,2.9,3.5,3.0,3.0,12.4,0.78,96.0%
J.Arias,MID,5.2,76,3.3,2.8,3.4,3.0,12.4,0.60,0.5%
Strand Larsen,FWD,6.4,80,3.4,3.0,3.1,2.9,12.4,0.48,2.7%
Estève,DEF,4.0,92,2.7,3.7,3.0,3.0,12.4,0.77,14.3%
De Ligt,DEF,5.0,84,3.5,2.8,3.4,2.7,12.4,0.62,0.0%
Amad,MID,6.3,73,3.4,2.9,3.2,2.8,12.3,0.49,0.0%
McGinn,MID,5.4,69,2.7,3.1,3.0,3.5,12.3,0.57,0.0%
Chalobah,DEF,5.1,72,2.9,3.7,3.3,2.3,12.2,0.60,0.8%
Doku,MID,6.6,59,3.4,2.9,2.8,3.2,12.2,0.46,0.0%
Rúben,DEF,5.5,80,3.4,2.8,2.7,3.3,12.1,0.55,0.0%
Ampadu,MID,4.9,90,3.2,3.2,3.0,2.8,12.1,0.62,0.0%
Ndoye,MID,5.8,74,3.3,3.3,2.6,2.9,12.1,0.52,0.0%
Wharton,MID,5.0,76,3.1,3.0,3.0,3.0,12.1,0.60,0.0%
Areola,GK,4.3,92,3.0,3.5,2.8,2.7,12.1,0.70,0.1%
Milenković,DEF,5.3,91,3.2,3.7,2.2,2.9,12.0,0.57,0.0%
Bassey,DEF,4.5,86,3.8,2.5,3.4,2.4,12.0,0.67,0.0%
Gana,MID,5.4,78,3.2,3.2,2.8,2.8,12.0,0.55,0.0%
Mukiele,DEF,4.1,83,3.5,2.5,3.1,2.9,12.0,0.73,6.8%
Xhaka,MID,5.1,92,3.4,2.8,2.9,2.8,11.9,0.58,0.9%
Kayode,DEF,4.5,87,2.8,2.9,2.5,3.6,11.9,0.66,0.0%
Xavi,MID,6.9,62,3.2,3.4,2.2,3.0,11.8,0.43,0.0%
Kamada,MID,5.0,64,3.0,2.9,2.9,3.0,11.7,0.59,0.0%
Digne,DEF,4.5,64,1.9,3.0,3.0,3.7,11.7,0.65,0.0%
Welbeck,FWD,6.4,58,3.6,2.5,2.8,2.7,11.6,0.45,0.0%
James,DEF,5.5,65,2.7,3.6,3.0,2.2,11.6,0.53,1.8%
Gomes,MID,5.4,83,3.1,3.0,3.0,2.5,11.6,0.53,0.0%
Van de Ven,DEF,4.7,92,3.1,3.0,2.0,3.4,11.5,0.61,2.9%
Rodon,DEF,4.1,91,2.9,3.3,3.1,2.2,11.5,0.70,41.6%
Kamara,MID,4.9,85,2.9,3.0,2.8,2.9,11.5,0.59,0.0%
Lukić,MID,5.0,79,3.6,2.5,2.8,2.5,11.5,0.57,0.0%
Wieffer,MID,4.9,76,3.5,2.8,2.7,2.6,11.5,0.59,0.0%
J.Palhinha,MID,5.5,82,3.1,3.0,2.5,2.9,11.4,0.52,0.0%
Johnstone,GK,4.5,89,3.0,2.7,3.0,2.7,11.4,0.63,0.0%
Kilman,DEF,4.3,90,2.9,3.6,2.6,2.3,11.4,0.66,0.1%
Longstaff,MID,4.9,78,2.9,3.1,3.0,2.4,11.4,0.58,0.2%
Burn,DEF,5.1,88,3.9,3.0,2.1,2.4,11.3,0.56,1.3%
Garner,MID,5.0,83,3.4,2.7,2.4,2.8,11.3,0.57,0.1%
Cullen,MID,5.0,79,2.7,3.1,2.8,2.7,11.2,0.56,0.0%
Thiaw,DEF,4.9,84,3.7,2.7,2.2,2.6,11.2,0.57,0.0%
Florentino,MID,5.0,81,2.8,2.9,2.8,2.7,11.2,0.56,0.0%
M.Fernandes,MID,5.5,71,2.8,3.1,2.6,2.6,11.2,0.51,0.0%
Summerville,MID,5.5,67,2.9,3.3,2.4,2.4,11.1,0.50,0.0%
Rodrigo,MID,6.3,64,1.2,2.9,3.1,3.7,11.0,0.44,0.0%
Gravenberch,MID,5.6,86,1.6,2.6,3.6,3.3,11.0,0.49,0.0%
Bogle,DEF,4.5,90,2.7,3.1,3.2,1.9,10.9,0.61,0.1%
Trippier,DEF,5.0,77,4.0,3.3,2.0,1.6,10.9,0.54,0.3%
Douglas Luiz,MID,5.0,69,2.8,3.1,2.4,2.6,10.9,0.54,0.0%
Garnacho,MID,6.4,47,2.6,3.4,2.8,2.0,10.8,0.42,0.0%
Okafor,MID,5.5,64,2.7,3.0,2.9,2.1,10.7,0.49,0.0%
N.Williams,DEF,4.8,90,3.3,2.9,1.9,2.6,10.7,0.56,1.5%
Munetsi,MID,5.4,71,2.7,2.5,2.8,2.7,10.7,0.49,0.0%
Yarmoliuk,MID,5.0,78,2.2,2.8,2.7,2.9,10.6,0.53,0.0%
Stach,MID,5.1,63,2.6,2.8,2.8,2.4,10.6,0.52,42.7%
André,MID,5.4,77,2.8,2.5,2.8,2.4,10.6,0.49,0.0%
Beto,FWD,5.3,52,2.7,2.8,2.4,2.6,10.6,0.50,0.1%
Diouf,DEF,4.4,87,2.6,3.6,2.2,2.1,10.6,0.60,0.6%
Mings,DEF,4.4,68,2.0,2.7,2.7,3.2,10.5,0.60,0.0%
Souček,MID,5.7,69,2.6,2.9,2.3,2.5,10.4,0.46,0.0%
Berge,MID,4.9,78,2.8,2.5,2.6,2.4,10.4,0.53,0.0%
King,MID,4.5,59,3.1,2.4,2.6,2.2,10.3,0.57,4.3%
Gomez,MID,4.9,59,3.1,2.2,2.7,2.4,10.3,0.53,0.0%
Henderson,MID,5.0,73,2.6,2.4,2.4,2.8,10.2,0.51,0.0%
Wood,FWD,7.2,65,1.5,3.0,2.5,3.1,10.1,0.35,0.3%
Sadiki,MID,5.0,89,2.9,2.4,2.4,2.4,10.1,0.51,0.0%
F.Kadıoğlu,DEF,4.4,68,3.2,2.0,2.5,2.3,10.1,0.57,0.0%
Kerkez,DEF,5.8,60,2.8,1.8,3.0,2.5,10.0,0.43,0.2%
Hartman,DEF,4.0,82,2.2,3.0,2.4,2.4,10.0,0.62,0.3%
Mamardashvili,GK,4.3,93,3.7,3.0,2.5,0.7,10.0,0.58,0.2%
Foster,FWD,5.0,58,2.3,2.7,2.4,2.4,9.9,0.50,2.9%
James,MID,5.3,59,2.6,2.8,2.6,2.0,9.9,0.47,0.0%
Casemiro,MID,5.5,60,2.7,2.6,2.3,2.2,9.8,0.45,0.0%
Bentancur,MID,5.3,73,2.7,2.6,2.0,2.5,9.8,0.46,0.0%
Reinildo,DEF,4.0,80,3.0,1.9,2.5,2.4,9.8,0.61,0.1%
Hume,DEF,4.5,79,3.2,1.8,2.5,2.3,9.7,0.54,0.0%
Krejčí,DEF,4.5,89,2.8,2.0,2.6,2.2,9.7,0.54,0.1%
Malen,MID,5.1,48,2.4,2.3,2.3,2.7,9.6,0.47,0.0%
Merino,MID,5.9,46,2.7,2.8,2.4,1.7,9.6,0.41,0.0%
Elanga,MID,6.8,44,2.6,2.6,2.3,2.0,9.5,0.35,0.2%
Wilson,MID,5.3,51,1.3,2.4,3.5,2.3,9.5,0.45,0.0%
Dalot,DEF,4.4,63,2.6,2.1,2.8,2.0,9.5,0.54,0.0%
De Cuyper,DEF,4.4,56,3.3,1.8,2.1,2.2,9.5,0.54,0.0%
Trossard,MID,6.9,43,2.8,2.9,2.3,1.4,9.4,0.34,0.0%
Adams,MID,5.0,72,2.6,2.1,2.4,2.4,9.4,0.47,0.0%
Romero,DEF,5.1,73,1.2,2.9,2.2,3.2,9.4,0.46,0.9%
Wan-Bissaka,DEF,4.3,77,2.4,3.1,2.0,1.9,9.4,0.54,0.0%
Hudson-Odoi,MID,5.8,58,2.6,2.6,1.9,2.1,9.3,0.40,0.0%
Walker,DEF,4.4,86,2.0,3.0,2.2,2.1,9.2,0.52,0.0%
Bernardo,MID,6.3,51,2.4,2.1,2.0,2.6,9.2,0.36,0.0%
Matheus N.,DEF,5.3,58,2.8,1.9,1.8,2.6,9.1,0.43,0.0%
Hee Chan,MID,5.8,48,2.3,2.1,2.6,2.1,9.1,0.39,0.0%
Onana,MID,4.8,71,2.5,2.8,2.0,1.7,9.1,0.47,0.0%
H.Bueno,DEF,4.4,72,2.5,1.8,2.7,2.1,9.0,0.51,0.0%
Igor Jesus,FWD,5.8,62,2.9,2.4,1.7,2.0,9.0,0.39,0.0%
Kulusevski,MID,6.4,61,1.3,2.3,2.2,3.2,9.0,0.35,0.0%
Ekdal,DEF,4.0,61,1.8,2.6,2.2,2.3,8.9,0.56,0.1%
Scott,MID,5.0,50,2.0,2.1,2.5,2.3,8.9,0.45,0.0%
Bradley,DEF,5.0,71,3.5,2.0,1.8,1.6,8.9,0.44,0.1%
Savinho,MID,6.9,34,2.1,2.5,2.0,2.3,8.8,0.32,0.1%
Robinson,DEF,5.0,29,0.6,2.0,3.6,2.6,8.8,0.44,0.0%
Botman,DEF,4.9,68,1.4,2.3,2.5,2.6,8.8,0.45,0.0%
Struijk,DEF,4.5,65,2.1,2.6,2.4,1.8,8.8,0.49,0.0%
Gudmundsson,DEF,4.0,87,1.2,2.7,3.1,1.9,8.8,0.55,8.0%
Guessand,MID,6.3,43,2.1,2.3,2.0,2.4,8.8,0.35,0.0%
Isidor,FWD,5.6,46,2.4,2.1,2.1,2.1,8.7,0.39,0.1%
Smith,DEF,4.4,50,1.3,2.0,2.7,2.6,8.7,0.49,0.0%
Kevin,MID,6.0,47,2.7,1.9,2.4,1.6,8.6,0.36,0.0%
Barry,FWD,5.7,42,2.2,2.3,2.0,2.1,8.6,0.38,0.0%
Ugochukwu,MID,5.0,64,2.1,2.3,2.1,2.1,8.6,0.43,0.0%
Brooks,MID,5.0,42,1.8,1.9,2.6,2.2,8.5,0.43,0.0%
Shaw,DEF,4.5,73,2.7,2.0,2.2,1.6,8.5,0.47,0.0%
S.Bueno,DEF,4.4,63,2.1,1.9,2.3,2.0,8.3,0.47,0.0%
Fofana,DEF,4.4,43,1.6,2.4,2.5,1.9,8.3,0.47,0.0%
Dorgu,DEF,4.3,52,2.3,2.0,2.3,1.7,8.3,0.48,0.7%
Bruun Larsen,MID,5.3,42,1.9,2.1,2.1,2.0,8.1,0.38,0.0%
Rigg,MID,4.8,52,2.3,1.8,2.0,2.0,8.1,0.42,0.0%
Adingra,MID,5.2,41,2.1,1.7,2.1,2.1,8.0,0.39,0.0%
Gruda,MID,5.4,43,1.1,1.9,2.4,2.5,8.0,0.37,0.0%
Talbi,MID,5.0,49,2.2,1.9,1.9,1.9,7.9,0.40,0.0%
J.Murphy,MID,6.1,39,2.2,1.8,2.1,1.9,7.9,0.32,0.0%
Solanke,FWD,7.2,11,0.4,1.9,2.2,3.4,7.9,0.27,0.1%
Baleba,MID,4.7,60,2.5,2.0,1.8,1.6,7.9,0.42,0.0%
Tchaouna,MID,4.9,36,1.6,2.2,1.9,2.0,7.8,0.40,0.0%
Sessegnon,MID,5.4,68,3.1,2.0,1.6,1.1,7.8,0.36,0.0%
Christie,MID,5.0,34,1.4,2.0,2.2,2.2,7.8,0.39,0.0%
Frimpong,DEF,5.8,0,0.0,0.9,3.7,3.2,7.7,0.33,0.0%
Cherki,MID,6.3,29,2.0,1.8,1.7,2.2,7.7,0.31,0.0%
Odobert,MID,5.3,44,2.3,1.9,1.5,2.0,7.7,0.36,0.0%
Kolo Muani,FWD,6.9,43,2.4,2.1,1.4,1.8,7.6,0.28,0.0%
Yoro,DEF,4.5,69,2.7,1.6,1.8,1.6,7.6,0.42,0.0%
Martinez,DEF,4.8,48,0.8,1.7,2.8,2.3,7.5,0.39,0.0%
Schär,DEF,5.4,59,2.9,1.7,1.4,1.5,7.5,0.35,0.0%
Traoré,MID,5.5,41,2.1,1.6,1.9,1.9,7.4,0.34,0.0%
Barnes,MID,6.4,34,2.1,1.9,1.8,1.5,7.3,0.29,0.0%
Lewis-Potter,DEF,4.9,49,1.9,1.6,1.5,2.3,7.2,0.37,0.0%
Cook,MID,4.9,33,1.2,1.9,2.2,1.9,7.2,0.37,0.0%
Spence,DEF,4.5,64,2.3,1.8,1.2,1.9,7.2,0.40,0.0%
Tosin,DEF,4.4,39,1.6,2.2,1.9,1.5,7.2,0.41,0.1%
S.Magassa,MID,5.0,51,1.9,1.8,1.8,1.7,7.2,0.36,0.0%
Flemming,FWD,5.3,32,1.6,1.9,1.9,1.8,7.2,0.34,0.0%
Hickey,DEF,4.0,43,0.6,1.8,1.9,2.8,7.1,0.44,0.0%
Todibo,DEF,4.3,59,1.9,2.3,1.6,1.3,7.1,0.41,0.0%
Nketiah,FWD,5.4,28,1.7,1.7,1.7,1.8,7.0,0.32,0.0%
Robertson,DEF,5.8,34,1.7,1.1,2.0,2.1,6.9,0.30,0.0%
Udogie,DEF,4.4,54,0.9,1.9,1.5,2.6,6.9,0.39,0.0%
Martinelli,MID,6.9,29,1.9,2.0,1.7,1.2,6.8,0.25,0.0%
Tel,MID,6.3,37,2.3,2.0,1.1,1.3,6.6,0.26,0.0%
Tuanzebe,DEF,3.9,58,1.5,1.8,1.7,1.6,6.6,0.42,0.1%
Aaronson,MID,5.4,33,1.6,1.8,1.7,1.5,6.6,0.30,0.0%
Mount,MID,5.9,32,1.3,1.6,2.0,1.6,6.5,0.28,0.0%
J.Cuenca,DEF,4.4,55,2.8,1.3,1.5,0.8,6.4,0.36,0.0%
Morato,DEF,4.4,42,1.5,2.3,1.2,1.4,6.4,0.36,0.0%
N.Gonzalez,MID,5.9,57,2.4,1.3,1.1,1.5,6.3,0.27,0.0%
O’Reilly,DEF,4.9,43,2.2,1.2,1.3,1.7,6.3,0.32,0.0%
Bellegarde,MID,5.2,30,1.4,1.5,1.6,1.7,6.3,0.30,0.0%
Mavropanos,DEF,4.4,56,0.8,2.0,1.8,1.7,6.3,0.36,0.0%
Smith Rowe,MID,5.7,29,1.8,1.4,1.7,1.4,6.2,0.27,0.0%
Maguire,DEF,4.4,58,1.0,1.5,2.1,1.6,6.2,0.35,0.0%
Sancho,MID,5.9,29,1.4,1.6,1.4,1.6,6.1,0.26,0.0%
Elliott,MID,5.4,0,0.0,2.0,1.8,2.4,6.1,0.28,0.0%
Tanaka,MID,4.8,39,1.4,1.5,1.7,1.6,6.1,0.32,0.0%
Savona,DEF,4.5,52,1.7,2.3,1.0,1.0,6.1,0.34,0.0%
Doherty,DEF,4.4,50,1.7,1.2,1.7,1.4,6.1,0.34,0.0%
Delap,FWD,6.2,0,0.0,1.0,2.8,2.2,6.0,0.24,0.0%
Tolu,FWD,5.5,30,1.4,1.5,1.6,1.5,6.0,0.27,0.0%
Andrey Santos,MID,4.5,30,1.3,1.7,1.6,1.3,5.9,0.33,0.0%
Ajer,DEF,4.4,35,1.3,1.3,1.4,1.9,5.9,0.33,0.0%
Alcaraz,MID,5.2,20,1.1,1.5,1.4,1.7,5.8,0.28,0.0%
Hall,DEF,5.2,0,0.0,1.0,2.4,2.4,5.8,0.28,0.0%
Diop,DEF,4.4,52,2.5,1.3,1.0,0.9,5.7,0.32,0.0%
Füllkrug,FWD,5.6,25,0.1,1.3,2.1,2.2,5.7,0.25,0.0%
Mayenda,FWD,5.5,29,1.6,1.3,1.3,1.4,5.7,0.26,0.0%
Hinshelwood,MID,5.2,39,0.7,1.3,1.9,1.7,5.6,0.27,0.0%
Maatsen,DEF,4.3,34,1.1,1.5,1.3,1.8,5.6,0.33,0.0%
Agbadou,DEF,4.4,39,1.5,1.1,1.6,1.4,5.6,0.32,0.3%
Tzimas,FWD,5.3,25,1.7,1.1,1.3,1.5,5.6,0.26,0.0%
Tchatchoua,DEF,4.5,46,1.4,1.2,1.6,1.3,5.5,0.31,0.0%
Gusto,DEF,4.9,25,1.0,1.6,1.6,1.3,5.5,0.28,0.0%
Adli,MID,5.5,27,1.3,1.3,1.5,1.4,5.5,0.25,0.0%
Adama,MID,5.2,35,2.1,1.3,1.2,0.9,5.5,0.26,0.0%
Pau,DEF,4.3,26,0.7,1.3,1.4,2.0,5.4,0.32,0.0%
Marc Guiu,FWD,4.2,34,1.9,1.8,0.8,0.9,5.4,0.32,17.3%
Röhl,MID,5.0,20,1.0,1.4,1.5,1.4,5.3,0.26,0.0%
Bakwa,MID,6.0,0,0.0,1.0,1.9,2.3,5.2,0.22,0.0%
A.Jimenez,DEF,4.5,35,1.1,1.1,1.7,1.3,5.2,0.29,0.0%
Kroupi.Jr,FWD,4.6,55,2.4,0.9,1.1,0.7,5.1,0.28,5.6%
J.Ramsey,MID,5.3,21,1.2,1.2,1.3,1.4,5.1,0.24,0.0%
Ugarte,MID,4.8,32,1.3,1.2,1.4,1.1,5.1,0.26,0.0%
Laurent,MID,4.9,25,0.9,1.3,1.4,1.4,5.1,0.26,0.0%
Danso,DEF,4.3,57,2.2,1.1,0.6,1.0,5.0,0.29,0.0%
Lewis,DEF,4.9,26,1.2,1.0,1.3,1.3,4.9,0.25,0.0%
Cairney,MID,4.9,20,1.1,1.2,1.3,1.2,4.8,0.25,0.0%
Hughes,MID,4.8,26,1.2,1.3,1.1,1.2,4.8,0.25,0.0%
C.Jones,MID,5.4,37,1.4,1.0,1.2,1.1,4.8,0.22,0.0%
Nmecha,FWD,5.0,19,1.1,1.3,1.3,1.0,4.7,0.24,0.0%
Hannibal,MID,4.9,22,1.0,1.2,1.2,1.2,4.7,0.24,0.0%
Nelson,MID,4.8,19,1.0,1.2,1.1,1.3,4.7,0.24,0.0%
Tielemans,MID,5.9,0,0.0,0.0,1.2,3.4,4.6,0.20,0.1%
Carvalho,MID,4.9,16,0.9,1.1,1.2,1.4,4.6,0.23,0.0%
A.Becker,GK,5.4,0,0.0,0.0,1.5,3.0,4.6,0.21,0.3%
Toti,DEF,4.3,31,1.1,1.0,1.4,1.1,4.6,0.27,0.0%
Chiesa,MID,6.4,20,1.4,1.1,1.1,1.0,4.5,0.18,0.0%
Bergvall,MID,5.4,24,1.1,1.2,1.0,1.1,4.5,0.21,0.0%
Marshall,FWD,4.4,28,1.4,1.4,0.7,0.9,4.4,0.25,3.5%
P.M.Sarr,MID,4.9,29,1.4,1.0,0.9,1.0,4.4,0.22,0.0%
Acheampong,DEF,3.9,30,1.1,1.5,1.1,0.7,4.4,0.28,0.0%
Jensen,MID,4.9,25,1.1,1.0,0.9,1.3,4.3,0.22,0.0%
Gittens,MID,6.2,15,0.9,1.3,1.2,0.9,4.3,0.17,0.0%
Dibling,MID,5.4,14,0.8,1.2,1.1,1.2,4.3,0.20,0.0%
Nwaneri,MID,5.2,18,1.2,1.3,1.1,0.7,4.3,0.21,0.0%
Richarlison,FWD,6.6,23,1.4,1.0,0.9,0.9,4.2,0.16,0.4%
Fer López,MID,5.3,20,1.0,0.9,1.3,1.1,4.2,0.20,0.0%
Bijol,DEF,3.9,25,0.8,1.2,1.3,1.0,4.2,0.27,0.0%
Ødegaard,MID,7.9,0,0.0,0.0,1.8,2.4,4.2,0.13,0.0%
Mainoo,MID,4.8,20,1.0,0.9,1.2,1.1,4.2,0.22,0.0%
Muniz,FWD,5.4,0,0.0,0.0,1.6,2.6,4.2,0.19,0.4%
Neil,MID,4.8,24,0.9,0.8,1.2,1.2,4.2,0.22,0.0%
Wilson,FWD,5.9,27,1.4,1.5,0.6,0.7,4.2,0.18,0.0%
Irving,MID,4.4,20,0.9,1.0,1.1,1.1,4.2,0.24,0.0%
Piroe,FWD,5.1,15,0.8,1.1,1.0,1.2,4.1,0.20,0.0%
Brobbey,FWD,5.5,16,0.9,0.9,1.0,1.2,4.1,0.19,0.0%
Stones,DEF,5.5,23,1.0,0.8,0.9,1.3,4.1,0.18,0.0%
Bobb,MID,5.4,16,1.0,0.8,1.0,1.2,4.0,0.19,0.0%
Gomez,DEF,4.9,19,0.8,0.7,1.2,1.3,4.0,0.21,0.0%
Justin,DEF,4.0,42,1.4,1.0,0.8,0.7,4.0,0.25,0.0%
Buendía,MID,5.3,23,1.1,1.0,0.9,1.0,4.0,0.19,0.0%
Mazraoui,DEF,4.9,27,1.1,0.9,1.1,0.9,4.0,0.20,0.0%
Ballard,DEF,4.6,20,0.9,0.9,1.1,1.1,4.0,0.22,0.0%
Hutchinson,MID,5.4,22,1.2,1.2,0.7,0.8,3.9,0.18,0.0%
Lerma,MID,4.9,23,1.0,1.0,1.0,0.8,3.9,0.20,0.0%
Khusanov,DEF,5.4,23,0.5,0.9,1.0,1.5,3.8,0.18,0.0%
White,DEF,5.4,18,0.9,1.0,1.0,0.8,3.7,0.17,0.0%
Janelt,MID,4.9,21,0.9,0.8,0.8,1.1,3.6,0.18,0.0%
Kalimuendo,FWD,6.0,21,1.2,0.9,0.7,0.7,3.5,0.15,0.0%
Lavia,MID,4.9,21,0.9,1.0,0.9,0.7,3.5,0.18,0.0%
Veltman,DEF,4.4,21,0.4,0.8,1.1,1.2,3.5,0.20,0.0%
Livramento,DEF,4.9,0,0.0,0.0,1.0,2.5,3.4,0.17,0.0%
L.Miley,MID,4.4,19,0.9,0.8,0.8,0.8,3.4,0.19,0.1%
Sangaré,MID,4.9,21,0.9,0.9,0.8,0.9,3.4,0.17,0.0%
McAtee,MID,5.2,15,0.8,1.1,0.5,0.9,3.3,0.16,0.0%
Iroegbunam,MID,4.9,14,0.6,0.8,0.9,1.0,3.3,0.17,0.0%
Bissouma,MID,5.2,28,0.5,0.8,0.9,1.1,3.3,0.16,0.0%
Walker-Peters,DEF,4.4,25,0.8,1.1,0.7,0.7,3.3,0.19,0.0%
Dominguez,MID,5.0,15,0.7,0.9,0.8,0.9,3.3,0.16,0.0%
Bogarde,DEF,4.0,24,0.6,0.9,0.9,0.9,3.2,0.20,0.0%
Lewis-Skelly,DEF,5.2,13,0.6,0.8,1.0,0.8,3.2,0.15,0.0%
Milosavljević,DEF,4.5,12,0.3,0.5,1.0,1.4,3.2,0.18,0.0%
L.Guilherme,MID,4.9,16,0.8,0.8,0.7,0.9,3.2,0.16,0.0%
Zirkzee,FWD,5.8,12,0.7,0.9,0.9,0.7,3.2,0.14,0.0%
Broja,FWD,5.3,15,0.8,0.7,0.9,0.8,3.1,0.15,0.0%
Harrison,MID,5.2,14,0.7,0.9,0.9,0.6,3.1,0.15,0.0%
Hincapie,DEF,5.4,9,0.5,0.8,0.9,1.0,3.1,0.14,0.0%
Aké,DEF,5.4,18,0.8,0.6,0.8,0.8,3.1,0.14,0.0%
Castagne,DEF,4.4,16,0.8,0.7,0.8,0.6,3.0,0.17,0.0%
Sosa,DEF,4.9,14,0.7,0.7,0.7,0.9,3.0,0.15,0.0%
Hato,DEF,4.7,15,0.6,0.8,0.8,0.8,3.0,0.16,0.0%
Palmer,MID,10.3,0,0.0,0.0,0.6,2.4,2.9,0.07,0.3%
Zinchenko,DEF,4.9,0,0.0,0.0,0.7,2.2,2.9,0.15,0.0%
Buonanotte,MID,4.8,12,0.7,0.9,0.8,0.5,2.9,0.15,0.0%
Coppola,DEF,4.3,12,0.5,0.7,0.8,0.9,2.9,0.17,0.0%
Nørgaard,MID,5.2,16,0.8,0.8,0.6,0.6,2.8,0.14,0.0%
Igor,DEF,4.5,27,0.8,0.8,0.5,0.6,2.8,0.15,0.0%
Geertruida,DEF,4.5,12,0.5,0.6,0.8,0.9,2.8,0.15,0.0%
Onyeka,MID,4.9,19,0.8,0.6,0.6,0.7,2.7,0.14,0.0%
R.Gomes,DEF,4.5,12,0.5,0.5,0.8,0.8,2.6,0.15,0.0%
Mosquera,DEF,5.4,8,0.3,0.6,0.8,0.9,2.6,0.12,0.0%
Potts,MID,4.4,16,0.6,0.6,0.6,0.7,2.5,0.14,0.0%
Havertz,FWD,7.3,0,0.0,0.0,1.0,1.5,2.5,0.08,0.0%
Clyne,DEF,3.9,6,0.3,0.6,0.9,0.7,2.4,0.16,0.0%
Uche,FWD,5.5,6,0.4,0.7,0.5,0.7,2.4,0.11,0.0%
Dowman,MID,4.4,7,0.6,0.6,0.6,0.5,2.4,0.14,0.0%
Johnson,MID,6.7,12,0.8,0.6,0.4,0.6,2.4,0.09,0.1%
Edwards,MID,4.7,8,0.5,0.6,0.6,0.6,2.3,0.12,0.0%
Mosquera,DEF,4.4,12,0.4,0.5,0.7,0.7,2.3,0.13,0.0%
Masuaku,DEF,3.9,12,0.5,0.6,0.6,0.6,2.2,0.14,0.0%
Hill,DEF,4.0,9,0.3,0.5,0.7,0.7,2.2,0.14,0.0%
Wissa,FWD,7.4,0,0.0,0.0,0.0,2.2,2.2,0.08,0.1%
Kostoulas,FWD,4.8,10,0.7,0.4,0.6,0.5,2.2,0.11,0.0%
Watson,MID,4.9,14,0.9,0.4,0.3,0.5,2.2,0.11,0.0%
Gannon-Doak,MID,4.9,9,0.5,0.5,0.6,0.6,2.1,0.11,0.0%
Gray,MID,4.8,15,0.6,0.5,0.4,0.6,2.1,0.11,0.0%
Boscagli,DEF,4.3,8,0.3,0.4,0.6,0.7,2.1,0.12,0.0%
Pinnock,DEF,4.3,7,0.2,0.4,0.6,0.9,2.1,0.12,0.0%
Devenny,MID,4.4,4,0.4,0.6,0.6,0.6,2.0,0.12,0.0%
Kovačić,MID,5.9,13,0.7,0.5,0.4,0.5,2.0,0.09,0.0%
Coleman,DEF,4.3,10,0.4,0.6,0.5,0.5,2.0,0.12,0.0%
Madueke,MID,6.9,0,0.0,0.0,0.8,1.2,1.9,0.07,0.2%
Henry,DEF,4.4,17,0.6,0.3,0.4,0.6,1.9,0.11,0.0%
Krafth,DEF,4.4,18,0.8,0.6,0.4,0.1,1.9,0.11,0.0%
Canvot,DEF,4.5,7,0.2,0.5,0.5,0.6,1.9,0.10,0.0%
Gruev,MID,4.8,8,0.3,0.6,0.5,0.5,1.9,0.10,0.0%
Sonne,DEF,3.9,8,0.3,0.6,0.5,0.5,1.9,0.12,0.0%
Milner,MID,5.0,11,0.6,0.3,0.4,0.5,1.8,0.09,0.0%
Gnonto,MID,5.2,0,0.0,0.0,0.7,1.1,1.8,0.09,0.0%
Osula,FWD,5.5,6,0.5,0.6,0.5,0.3,1.8,0.08,0.0%
Yates,MID,4.8,6,0.3,0.5,0.5,0.4,1.7,0.09,0.0%
Awoniyi,FWD,5.2,11,0.7,0.4,0.3,0.3,1.6,0.08,0.0%
Møller Wolfe,DEF,4.4,10,0.4,0.4,0.4,0.4,1.5,0.09,0.0%
Barkley,MID,4.8,10,0.5,0.3,0.3,0.4,1.5,0.08,0.0%
Humphreys,DEF,4.0,5,0.2,0.3,0.6,0.5,1.5,0.09,0.0%
Endo,MID,4.9,14,0.6,0.2,0.2,0.4,1.5,0.07,0.0%
Enes Ünal,FWD,5.4,0,0.0,0.0,0.4,1.0,1.4,0.07,0.0%
McNeil,MID,5.6,2,0.2,0.3,0.5,0.5,1.4,0.06,0.0%
Willock,MID,5.0,4,0.3,0.3,0.4,0.4,1.4,0.07,0.0%
Lucas Pires,DEF,3.9,6,0.2,0.4,0.5,0.4,1.4,0.09,0.0%
George,MID,4.9,5,0.4,0.6,0.2,0.2,1.4,0.07,0.0%
Scarles,DEF,4.4,4,0.2,0.4,0.3,0.4,1.3,0.07,0.0%
Jair Cunha,DEF,4.3,4,0.1,0.4,0.4,0.3,1.3,0.07,0.0%
G.Rodriguez,MID,4.8,4,0.3,0.3,0.3,0.3,1.2,0.06,0.0%
Jörgensen,GK,4.4,4,0.2,0.3,0.4,0.3,1.2,0.07,0.0%
Chadi Riad,DEF,4.0,0,0.0,0.1,0.5,0.5,1.2,0.07,0.0%
Byram,DEF,3.9,11,0.4,0.3,0.3,0.2,1.2,0.07,0.1%
Ngumoha,MID,4.5,5,0.4,0.2,0.2,0.3,1.2,0.06,0.0%
José Sá,GK,4.4,5,0.2,0.3,0.3,0.4,1.1,0.06,0.0%
Hoever,DEF,4.0,3,0.2,0.3,0.3,0.3,1.1,0.07,0.0%
A.García,DEF,3.9,2,0.1,0.3,0.3,0.4,1.1,0.07,0.0%
Chukwueze,MID,5.4,0,0.0,0.0,0.3,0.7,1.0,0.05,0.0%
Poveda,MID,4.8,3,0.2,0.2,0.3,0.3,1.0,0.05,0.0%
Bornauw,DEF,3.9,5,0.1,0.3,0.3,0.2,0.9,0.06,0.0%
Aznou,DEF,4.3,5,0.2,0.3,0.2,0.2,0.8,0.05,0.0%
Reed,MID,4.4,1,0.1,0.3,0.2,0.2,0.8,0.05,0.0%
Matete,MID,4.4,0,0.0,0.3,0.2,0.3,0.8,0.05,0.0%
Dragusin,DEF,4.5,0,0.0,0.0,0.2,0.6,0.8,0.04,0.0%
Mundle,MID,4.9,0,0.0,0.0,0.3,0.4,0.7,0.04,0.0%
Arrizabalaga,GK,4.2,0,0.0,0.2,0.3,0.3,0.7,0.04,0.0%
Patterson,DEF,4.4,0,0.0,0.0,0.3,0.4,0.7,0.04,0.0%
Soler,DEF,4.0,1,0.1,0.2,0.1,0.4,0.7,0.05,0.0%
Bajcetic,MID,4.3,2,0.1,0.1,0.2,0.3,0.7,0.04,0.0%
Barnes,FWD,4.3,1,0.1,0.2,0.2,0.2,0.7,0.04,1.4%
Hermansen,GK,4.4,3,0.1,0.1,0.2,0.2,0.6,0.04,0.0%
Doucouré,MID,4.9,0,0.0,0.0,0.1,0.4,0.5,0.03,0.0%
A.Murphy,DEF,3.9,5,0.3,0.2,0.0,0.1,0.5,0.03,0.0%
Diarra,MID,5.4,0,0.0,0.0,0.0,0.5,0.5,0.02,0.0%
Lindelöf,DEF,4.5,1,0.0,0.1,0.2,0.2,0.5,0.03,0.0%
Lecomte,GK,4.0,1,0.0,0.1,0.2,0.1,0.5,0.03,0.0%
O'Nien,DEF,4.0,1,0.1,0.1,0.1,0.2,0.5,0.03,0.0%
Ramsdale,GK,4.8,1,0.1,0.1,0.1,0.2,0.5,0.02,0.0%
Ward-Prowse,MID,5.7,1,0.1,0.1,0.1,0.2,0.4,0.02,0.0%
Mateus Mané,FWD,99.9,0,0.0,0.1,0.2,0.2,0.4,0.00,0.0%
Heaven,DEF,3.9,4,0.2,0.1,0.1,0.1,0.4,0.03,0.0%
Obi,FWD,4.3,1,0.1,0.0,0.2,0.1,0.4,0.02,3.3%
Trafford,GK,4.7,1,0.1,0.1,0.1,0.1,0.4,0.02,0.0%
Travers,GK,4.4,0,0.0,0.1,0.1,0.2,0.4,0.02,0.0%
Darlow,GK,4.0,0,0.0,0.1,0.1,0.1,0.4,0.02,0.0%
Bayindir,GK,4.9,0,0.0,0.1,0.2,0.1,0.4,0.02,0.0%
Weiss,GK,4.4,1,0.0,0.1,0.2,0.1,0.4,0.02,0.0%
Welch,DEF,3.9,1,0.1,0.1,0.1,0.1,0.3,0.02,0.0%
Dennis,GK,4.0,0,0.0,0.1,0.1,0.2,0.3,0.02,0.0%
John,GK,4.0,1,0.1,0.1,0.1,0.1,0.3,0.02,0.0%
Steele,GK,4.3,0,0.0,0.1,0.2,0.1,0.3,0.02,0.0%
Kinsky,GK,3.9,0,0.0,0.1,0.0,0.2,0.3,0.02,0.0%
Malacia,DEF,3.9,0,0.0,0.1,0.1,0.1,0.3,0.02,0.0%
M.Bizot,GK,4.4,0,0.0,0.1,0.1,0.1,0.3,0.01,0.0%
Benitez,GK,4.0,0,0.0,0.1,0.0,0.2,0.3,0.02,0.0%
Cirkin,DEF,4.0,0,0.0,0.0,0.1,0.1,0.3,0.02,0.0%
Patterson,GK,4.3,0,0.0,0.1,0.1,0.1,0.2,0.01,0.0%
Peart-Harris,MID,4.4,0,0.0,0.0,0.1,0.1,0.2,0.01,0.0%
Kusi-Asare,FWD,4.5,0,0.0,0.1,0.1,0.0,0.2,0.01,0.0%
Davies,DEF,4.3,0,0.0,0.0,0.0,0.2,0.2,0.01,0.0%
J.Araujo,DEF,3.9,0,0.0,0.1,0.1,0.1,0.2,0.01,0.0%
Nunes,MID,4.9,0,0.0,0.0,0.0,0.2,0.2,0.01,0.0%
Valdimarsson,GK,3.9,1,0.0,0.0,0.1,0.1,0.2,0.01,0.2%
Worrall,DEF,3.9,1,0.0,0.0,0.1,0.1,0.2,0.01,0.0%
Kone,MID,4.4,0,0.0,0.0,0.1,0.1,0.2,0.01,0.0%
Boly,DEF,3.9,0,0.0,0.1,0.0,0.1,0.1,0.01,0.0%
R.Williams,DEF,3.9,0,0.0,0.0,0.1,0.1,0.1,0.01,0.0%
Woodman,GK,3.9,0,0.0,0.1,0.0,0.1,0.1,0.01,0.0%
Maghoma,MID,4.5,0,0.0,0.0,0.0,0.1,0.1,0.01,0.0%
Cox,GK,4.0,0,0.0,0.0,0.0,0.0,0.1,0.01,0.0%
Hjelde,DEF,4.0,0,0.0,0.0,0.0,0.1,0.1,0.00,0.0%
B.Badiashile,DEF,4.4,0,0.0,0.0,0.0,0.1,0.1,0.00,0.0%
Cardines,MID,4.4,0,0.0,0.0,0.0,0.1,0.1,0.00,0.0%
Ortega Moreno,GK,4.8,0,0.0,0.0,0.0,0.0,0.0,0.00,0.0%
Alese,DEF,4.0,0,0.0,0.0,0.0,0.0,0.0,0.00,0.0%
Delcroix,DEF,3.9,0,0.0,0.0,0.0,0.0,0.0,0.00,0.0%
Hein,GK,4.0,0,0.0,0.0,0.0,0.0,0.0,0.00,0.0%
Setford,GK,4.0,0,0.0,0.0,0.0,0.0,0.0,0.00,0.0%
Kiwior,DEF,5.4,0,0.0,0.0,0.0,0.0,0.0,0.00,0.0%
Clarke,DEF,3.9,0,0.0,0.0,0.0,0.0,0.0,0.00,0.0%
Kacurri,DEF,3.9,0,0.0,0.0,0.0,0.0,0.0,0.00,0.0%
Nichols,DEF,3.9,0,0.0,0.0,0.0,0.0,0.0,0.00,0.0%
Fábio Vieira,MID,5.4,0,0.0,0.0,0.0,0.0,0.0,0.00,0.0%
Kabia,MID,4.5,0,0.0,0.0,0.0,0.0,0.0,0.00,0.0%
Sambi,MID,4.5,0,0.0,0.0,0.0,0.0,0.0,0.00,0.0%
G.Jesus,FWD,6.4,0,0.0,0.0,0.0,0.0,0.0,0.00,0.0%
Gauci,GK,4.0,0,0.0,0.0,0.0,0.0,0.0,0.00,0.0%
Marschall,GK,4.0,0,0.0,0.0,0.0,0.0,0.0,0.00,0.0%
Alex Moreno,DEF,4.0,0,0.0,0.0,0.0,0.0,0.0,0.00,0.0%
Sousa,DEF,4.0,0,0.0,0.0,0.0,0.0,0.0,0.00,0.0%
Yasin,DEF,4.0,0,0.0,0.0,0.0,0.0,0.0,0.00,0.0%
Bailey,MID,5.5,0,0.0,0.0,0.0,0.0,0.0,0.00,0.0%
Iling Jr,MID,5.5,0,0.0,0.0,0.0,0.0,0.0,0.00,0.0%
Barrenechea,MID,5.0,0,0.0,0.0,0.0,0.0,0.0,0.00,0.0%
Dobbin,MID,5.0,0,0.0,0.0,0.0,0.0,0.0,0.00,0.0%
Broggio,MID,4.5,0,0.0,0.0,0.0,0.0,0.0,0.00,0.0%
Dendoncker,MID,4.5,0,0.0,0.0,0.0,0.0,0.0,0.00,0.0%
Jimoh-Aloba,MID,4.5,0,0.0,0.0,0.0,0.0,0.0,0.00,0.0%
Young,MID,4.4,0,0.0,0.0,0.0,0.0,0.0,0.00,0.0%
Redmond,FWD,4.5,0,0.0,0.0,0.0,0.0,0.0,0.00,0.0%
Neto,GK,4.5,0,0.0,0.0,0.0,0.0,0.0,0.00,0.0%
McKenna,GK,4.0,0,0.0,0.0,0.0,0.0,0.0,0.00,0.0%
Paulsen,GK,4.0,0,0.0,0.0,0.0,0.0,0.0,0.00,0.0%
Zabarnyi,DEF,5.0,0,0.0,0.0,0.0,0.0,0.0,0.00,0.0%
Akinmboni,DEF,3.9,0,0.0,0.0,0.0,0.0,0.0,0.00,0.0%
Bevan,DEF,3.9,0,0.0,0.0,0.0,0.0,0.0,0.00,0.0%
Mepham,DEF,4.0,0,0.0,0.0,0.0,0.0,0.0,0.00,0.0%
Philip,MID,4.9,0,0.0,0.0,0.0,0.0,0.0,0.00,0.0%
Sinisterra,MID,5.0,0,0.0,0.0,0.0,0.0,0.0,0.00,0.0%
Faivre,MID,4.5,0,0.0,0.0,0.0,0.0,0.0,0.00,0.0%
H.Traorè,MID,4.5,0,0.0,0.0,0.0,0.0,0.0,0.00,0.0%
Sadi,MID,4.5,0,0.0,0.0,0.0,0.0,0.0,0.00,0.0%
Silcott-Duberry,MID,4.4,0,0.0,0.0,0.0,0.0,0.0,0.00,0.0%
Winterburn,MID,4.5,0,0.0,0.0,0.0,0.0,0.0,0.00,0.0%
Adu-Adjei,FWD,4.4,0,0.0,0.0,0.0,0.0,0.0,0.00,0.0%
Balcombe,GK,4.0,0,0.0,0.0,0.0,0.0,0.0,0.00,0.0%
Eyestone,GK,4.0,0,0.0,0.0,0.0,0.0,0.0,0.00,0.0%
Roerslev,DEF,4.5,0,0.0,0.0,0.0,0.0,0.0,0.00,0.0%
Arthur,DEF,3.9,0,0.0,0.0,0.0,0.0,0.0,0.00,0.0%
Fredrick,DEF,4.0,0,0.0,0.0,0.0,0.0,0.0,0.00,0.0%
Ji-soo,DEF,3.9,0,0.0,0.0,0.0,0.0,0.0,0.00,0.0%
Meghoma,DEF,4.0,0,0.0,0.0,0.0,0.0,0.0,0.00,0.0%
Milambo,MID,5.3,0,0.0,0.0,0.0,0.0,0.0,0.00,0.0%
Donovan,MID,4.5,0,0.0,0.0,0.0,0.0,0.0,0.00,0.0%
Konak,MID,4.4,0,0.0,0.0,0.0,0.0,0.0,0.00,0.0%
Trevitt,MID,4.5,0,0.0,0.0,0.0,0.0,0.0,0.00,0.0%
Morgan,FWD,4.4,0,0.0,0.0,0.0,0.0,0.0,0.00,0.1%
McGill,GK,4.0,0,0.0,0.0,0.0,0.0,0.0,0.00,0.0%
Rushworth,GK,4.0,0,0.0,0.0,0.0,0.0,0.0,0.00,0.0%
Scherpen,GK,4.0,0,0.0,0.0,0.0,0.0,0.0,0.00,0.0%
Estupiñan,DEF,4.5,0,0.0,0.0,0.0,0.0,0.0,0.00,0.0%
Lamptey,DEF,4.4,0,0.0,0.0,0.0,0.0,0.0,0.00,0.0%
Webster,DEF,4.4,0,0.0,0.0,0.0,0.0,0.0,0.00,0.0%
Cashin,DEF,4.0,0,0.0,0.0,0.0,0.0,0.0,0.00,0.0%
Slater,DEF,4.0,0,0.0,0.0,0.0,0.0,0.0,0.00,0.0%
Tasker,DEF,3.9,0,0.0,0.0,0.0,0.0,0.0,0.00,0.0%
March,MID,5.8,0,0.0,0.0,0.0,0.0,0.0,0.00,0.0%
Enciso,MID,5.4,0,0.0,0.0,0.0,0.0,0.0,0.00,0.0%
O'Riley,MID,5.5,0,0.0,0.0,0.0,0.0,0.0,0.00,0.0%
Sima,MID,5.4,0,0.0,0.0,0.0,0.0,0.0,0.00,0.0%
Sarmiento,MID,4.9,0,0.0,0.0,0.0,0.0,0.0,0.00,0.0%
Yalcouye,MID,5.0,0,0.0,0.0,0.0,0.0,0.0,0.00,0.0%
Knight,MID,4.5,0,0.0,0.0,0.0,0.0,0.0,0.00,0.0%
Mazilu,MID,4.5,0,0.0,0.0,0.0,0.0,0.0,0.00,0.0%
Moran,MID,4.5,0,0.0,0.0,0.0,0.0,0.0,0.00,0.0%
Ferguson,FWD,5.5,0,0.0,0.0,0.0,0.0,0.0,0.00,0.0%
Green,GK,4.0,0,0.0,0.0,0.0,0.0,0.0,0.00,0.0%
Hladký,GK,4.0,0,0.0,0.0,0.0,0.0,0.0,0.00,0.0%
Roberts,DEF,4.4,0,0.0,0.0,0.0,0.0,0.0,0.00,0.0%
Dodgson,DEF,4.0,0,0.0,0.0,0.0,0.0,0.0,0.00,0.0%
Jordan,DEF,4.0,0,0.0,0.0,0.0,0.0,0.0,0.00,0.0%
Sambo,DEF,4.0,0,0.0,0.0,0.0,0.0,0.0,0.00,0.0%
Benson,MID,5.4,0,0.0,0.0,0.0,0.0,0.0,0.00,0.0%
Boateng,MID,4.8,0,0.0,0.0,0.0,0.0,0.0,0.00,0.0%
Churlinov,MID,4.9,0,0.0,0.0,0.0,0.0,0.0,0.00,0.0%
Koleosho,MID,5.0,0,0.0,0.0,0.0,0.0,0.0,0.00,0.0%
A.Ramsey,MID,4.4,0,0.0,0.0,0.0,0.0,0.0,0.00,0.0%
Adewumi,MID,4.5,0,0.0,0.0,0.0,0.0,0.0,0.00,0.0%
Banel,MID,4.5,0,0.0,0.0,0.0,0.0,0.0,0.00,0.0%
Trésor,MID,4.4,0,0.0,0.0,0.0,0.0,0.0,0.00,0.0%
Amdouni,FWD,4.9,0,0.0,0.0,0.0,0.0,0.0,0.00,0.0%
Obafemi,FWD,4.4,0,0.0,0.0,0.0,0.0,0.0,0.00,0.0%
Penders,GK,4.0,0,0.0,0.0,0.0,0.0,0.0,0.00,0.0%
Slonina,GK,3.9,0,0.0,0.0,0.0,0.0,0.0,0.00,0.0%
Colwill,DEF,4.8,0,0.0,0.0,0.0,0.0,0.0,0.00,0.0%
M.Sarr,DEF,4.5,0,0.0,0.0,0.0,0.0,0.0,0.00,0.0%
Anselmino,DEF,4.0,0,0.0,0.0,0.0,0.0,0.0,0.00,0.0%
Nkunku,MID,5.9,0,0.0,0.0,0.0,0.0,0.0,0.00,0.0%
Mudryk,MID,5.0,0,0.0,0.0,0.0,0.0,0.0,0.00,0.0%
D.Essugo,MID,4.3,0,0.0,0.0,0.0,0.0,0.0,0.00,0.1%
Paez,MID,4.5,0,0.0,0.0,0.0,0.0,0.0,0.00,0.0%
N.Jackson,FWD,6.5,0,0.0,0.0,0.0,0.0,0.0,0.00,0.0%
Matthews,GK,4.0,0,0.0,0.0,0.0,0.0,0.0,0.00,0.0%
Holding,DEF,4.0,0,0.0,0.0,0.0,0.0,0.0,0.00,0.0%
Kporha,DEF,4.0,0,0.0,0.0,0.0,0.0,0.0,0.00,0.0%
Esse,MID,4.8,0,0.0,0.0,0.0,0.0,0.0,0.00,0.0%
Agbinone,MID,4.4,0,0.0,0.0,0.0,0.0,0.0,0.00,0.0%
Ahamada,MID,4.4,0,0.0,0.0,0.0,0.0,0.0,0.00,0.0%
Ebiowei,MID,4.5,0,0.0,0.0,0.0,0.0,0.0,0.00,0.0%
J.Rak-Sakyi,MID,4.4,0,0.0,0.0,0.0,0.0,0.0,0.00,0.0%
M.França,MID,4.5,0,0.0,0.0,0.0,0.0,0.0,0.00,0.0%
Ozoh,MID,4.5,0,0.0,0.0,0.0,0.0,0.0,0.00,0.0%
Rodney,MID,4.5,0,0.0,0.0,0.0,0.0,0.0,0.00,0.0%
Umeh,MID,4.5,0,0.0,0.0,0.0,0.0,0.0,0.00,0.0%
Édouard,FWD,5.0,0,0.0,0.0,0.0,0.0,0.0,0.00,0.0%
Marsh,FWD,4.5,0,0.0,0.0,0.0,0.0,0.0,0.00,0.0%
Tyrer,GK,4.0,0,0.0,0.0,0.0,0.0,0.0,0.00,0.0%
Branthwaite,DEF,5.3,0,0.0,0.0,0.0,0.0,0.0,0.00,0.0%
Dixon,DEF,3.9,0,0.0,0.0,0.0,0.0,0.0,0.00,0.0%
Armstrong,MID,4.5,0,0.0,0.0,0.0,0.0,0.0,0.00,0.0%
Bates,MID,4.4,0,0.0,0.0,0.0,0.0,0.0,0.00,0.0%
Ebere,MID,4.4,0,0.0,0.0,0.0,0.0,0.0,0.00,0.0%
Heath,MID,4.5,0,0.0,0.0,0.0,0.0,0.0,0.00,0.0%
Metcalfe,MID,4.5,0,0.0,0.0,0.0,0.0,0.0,0.00,0.0%
Y.Chermiti,FWD,4.9,0,0.0,0.0,0.0,0.0,0.0,0.00,0.0%
Sherif,FWD,4.4,0,0.0,0.0,0.0,0.0,0.0,0.00,0.1%
Benda,GK,4.0,0,0.0,0.0,0.0,0.0,0.0,0.00,0.0%
Amissah,DEF,3.9,0,0.0,0.0,0.0,0.0,0.0,0.00,0.0%
Andreas,MID,5.3,0,0.0,0.0,0.0,0.0,0.0,0.00,0.0%
Godo,MID,4.5,0,0.0,0.0,0.0,0.0,0.0,0.00,0.0%
Harris,MID,4.5,0,0.0,0.0,0.0,0.0,0.0,0.00,0.0%
Meslier,GK,4.3,0,0.0,0.0,0.0,0.0,0.0,0.00,0.0%
Cairns,GK,4.0,0,0.0,0.0,0.0,0.0,0.0,0.00,0.0%
Schmidt,DEF,4.0,0,0.0,0.0,0.0,0.0,0.0,0.00,0.0%
Greenwood,MID,4.9,0,0.0,0.0,0.0,0.0,0.0,0.00,0.0%
Ramazani,MID,4.9,0,0.0,0.0,0.0,0.0,0.0,0.00,0.0%
Crew,MID,4.5,0,0.0,0.0,0.0,0.0,0.0,0.00,0.0%
Gelhardt,MID,4.5,0,0.0,0.0,0.0,0.0,0.0,0.00,0.0%
Gyabi,MID,4.5,0,0.0,0.0,0.0,0.0,0.0,0.00,0.0%
Bamford,FWD,4.9,0,0.0,0.0,0.0,0.0,0.0,0.00,0.0%
Mateo Joseph,FWD,5.0,0,0.0,0.0,0.0,0.0,0.0,0.00,0.0%
Pécsi,GK,3.9,0,0.0,0.0,0.0,0.0,0.0,0.00,0.1%
Tsimikas,DEF,4.8,0,0.0,0.0,0.0,0.0,0.0,0.00,0.0%
Nallo,DEF,3.8,0,0.0,0.0,0.0,0.0,0.0,0.00,0.0%
Ramsay,DEF,3.9,0,0.0,0.0,0.0,0.0,0.0,0.00,0.0%
Luis Díaz,MID,8.0,0,0.0,0.0,0.0,0.0,0.0,0.00,0.0%
McConnell,MID,4.4,0,0.0,0.0,0.0,0.0,0.0,0.00,0.0%
Morton,MID,4.5,0,0.0,0.0,0.0,0.0,0.0,0.00,0.0%
Nyoni,MID,4.3,0,0.0,0.0,0.0,0.0,0.0,0.00,0.0%
Darwin,FWD,6.5,0,0.0,0.0,0.0,0.0,0.0,0.00,0.0%
Danns,FWD,4.4,0,0.0,0.0,0.0,0.0,0.0,0.00,0.0%
Ederson M.,GK,5.3,0,0.0,0.0,0.0,0.0,0.0,0.00,0.0%
Bettinelli,GK,4.0,0,0.0,0.0,0.0,0.0,0.0,0.00,0.0%
Akanji,DEF,5.4,0,0.0,0.0,0.0,0.0,0.0,0.00,0.0%
Vitor Reis,DEF,5.0,0,0.0,0.0,0.0,0.0,0.0,0.00,0.0%
Gündoğan,MID,6.3,0,0.0,0.0,0.0,0.0,0.0,0.00,0.0%
Echeverri,MID,5.4,0,0.0,0.0,0.0,0.0,0.0,0.00,0.0%
Nypan,MID,5.0,0,0.0,0.0,0.0,0.0,0.0,0.00,0.0%
Phillips,MID,4.8,0,0.0,0.0,0.0,0.0,0.0,0.00,0.0%
Onana,GK,4.9,0,0.0,0.0,0.0,0.0,0.0,0.00,0.0%
Harrison,GK,4.0,0,0.0,0.0,0.0,0.0,0.0,0.00,0.0%
Heaton,GK,3.9,0,0.0,0.0,0.0,0.0,0.0,0.00,0.0%
Mee,GK,4.0,0,0.0,0.0,0.0,0.0,0.0,0.00,0.0%
D.Leon,DEF,4.3,0,0.0,0.0,0.0,0.0,0.0,0.00,0.0%
Amass,DEF,4.0,0,0.0,0.0,0.0,0.0,0.0,0.00,0.0%
Fredricson,DEF,3.9,0,0.0,0.0,0.0,0.0,0.0,0.00,0.0%
Rashford,MID,7.0,0,0.0,0.0,0.0,0.0,0.0,0.00,0.2%
Antony,MID,5.9,0,0.0,0.0,0.0,0.0,0.0,0.00,0.0%
Collyer,MID,4.5,0,0.0,0.0,0.0,0.0,0.0,0.00,0.0%
Fitzgerald,MID,4.4,0,0.0,0.0,0.0,0.0,0.0,0.00,0.0%
J.Fletcher,MID,4.4,0,0.0,0.0,0.0,0.0,0.0,0.00,0.0%
Moorhouse,MID,4.5,0,0.0,0.0,0.0,0.0,0.0,0.00,0.0%
Højlund,FWD,6.3,0,0.0,0.0,0.0,0.0,0.0,0.00,0.0%
Wheatley,FWD,4.5,0,0.0,0.0,0.0,0.0,0.0,0.00,0.0%
Gillespie,GK,4.0,0,0.0,0.0,0.0,0.0,0.0,0.00,0.0%
Odysseas,GK,4.0,0,0.0,0.0,0.0,0.0,0.0,0.00,0.0%
Lascelles,DEF,4.3,0,0.0,0.0,0.0,0.0,0.0,0.00,0.0%
Ashby,DEF,3.9,0,0.0,0.0,0.0,0.0,0.0,0.00,0.0%
Pivas,DEF,3.9,0,0.0,0.0,0.0,0.0,0.0,0.00,0.0%
Targett,DEF,4.0,0,0.0,0.0,0.0,0.0,0.0,0.00,0.0%
Antoñito C.,MID,4.9,0,0.0,0.0,0.0,0.0,0.0,0.00,0.0%
Hayden,MID,4.5,0,0.0,0.0,0.0,0.0,0.0,0.00,0.0%
Kuol,MID,4.4,0,0.0,0.0,0.0,0.0,0.0,0.00,0.0%
White,MID,4.5,0,0.0,0.0,0.0,0.0,0.0,0.00,0.0%
Neave,FWD,4.4,0,0.0,0.0,0.0,0.0,0.0,0.00,0.0%
C.Miguel,GK,4.0,0,0.0,0.0,0.0,0.0,0.0,0.00,0.0%
Turner,GK,4.0,0,0.0,0.0,0.0,0.0,0.0,0.00,0.0%
Aina,DEF,4.8,0,0.0,0.0,0.0,0.0,0.0,0.00,0.0%
David Carmo,DEF,4.5,0,0.0,0.0,0.0,0.0,0.0,0.00,0.0%
O.Richards,DEF,4.5,0,0.0,0.0,0.0,0.0,0.0,0.00,0.0%
Abbott,DEF,3.9,0,0.0,0.0,0.0,0.0,0.0,0.00,0.0%
Jota,MID,5.4,0,0.0,0.0,0.0,0.0,0.0,0.00,0.0%
O'Brien,MID,5.0,0,0.0,0.0,0.0,0.0,0.0,0.00,0.0%
Da Silva Moreira,MID,4.5,0,0.0,0.0,0.0,0.0,0.0,0.00,0.0%
Stamenic,MID,4.5,0,0.0,0.0,0.0,0.0,0.0,0.00,0.0%
Moore,GK,4.0,0,0.0,0.0,0.0,0.0,0.0,0.00,0.0%
Nna Noukeu,GK,4.0,0,0.0,0.0,0.0,0.0,0.0,0.00,0.0%
Anderson,DEF,3.9,0,0.0,0.0,0.0,0.0,0.0,0.00,0.0%
Huggins,DEF,4.0,0,0.0,0.0,0.0,0.0,0.0,0.00,0.0%
Johnson,DEF,3.9,0,0.0,0.0,0.0,0.0,0.0,0.00,0.0%
Pembele,DEF,3.9,0,0.0,0.0,0.0,0.0,0.0,0.00,0.0%
Seelt,DEF,4.0,0,0.0,0.0,0.0,0.0,0.0,0.00,0.0%
Roberts,MID,5.4,0,0.0,0.0,0.0,0.0,0.0,0.00,0.0%
Aleksić,MID,4.9,0,0.0,0.0,0.0,0.0,0.0,0.00,0.0%
Ba,MID,4.4,0,0.0,0.0,0.0,0.0,0.0,0.00,0.0%
Browne,MID,4.5,0,0.0,0.0,0.0,0.0,0.0,0.00,0.0%
Ekwah,MID,4.5,0,0.0,0.0,0.0,0.0,0.0,0.00,0.0%
H.Jones,MID,4.4,0,0.0,0.0,0.0,0.0,0.0,0.00,0.0%
Triantis,MID,4.4,0,0.0,0.0,0.0,0.0,0.0,0.00,0.0%
Abdullahi,FWD,4.3,0,0.0,0.0,0.0,0.0,0.0,0.00,0.1%
Luís Hemir,FWD,4.4,0,0.0,0.0,0.0,0.0,0.0,0.00,0.0%
Rusyn,FWD,4.4,0,0.0,0.0,0.0,0.0,0.0,0.00,0.0%
Austin,GK,3.9,0,0.0,0.0,0.0,0.0,0.0,0.00,0.0%
Phillips,DEF,4.0,0,0.0,0.0,0.0,0.0,0.0,0.00,0.0%
Takai,DEF,4.0,0,0.0,0.0,0.0,0.0,0.0,0.00,0.0%
Vuskovic,DEF,3.9,0,0.0,0.0,0.0,0.0,0.0,0.00,0.0%
Son,MID,8.5,0,0.0,0.0,0.0,0.0,0.0,0.00,0.0%
Maddison,MID,6.9,0,0.0,0.0,0.0,0.0,0.0,0.00,0.0%
Solomon,MID,5.4,0,0.0,0.0,0.0,0.0,0.0,0.00,0.0%
Bryan,MID,4.9,0,0.0,0.0,0.0,0.0,0.0,0.00,0.0%
Moore,MID,5.0,0,0.0,0.0,0.0,0.0,0.0,0.00,0.0%
Min-hyeok,MID,4.5,0,0.0,0.0,0.0,0.0,0.0,0.00,0.0%
Olusesi,MID,4.4,0,0.0,0.0,0.0,0.0,0.0,0.00,0.0%
Lankshear,FWD,4.5,0,0.0,0.0,0.0,0.0,0.0,0.00,0.0%
Scarlett,FWD,4.4,0,0.0,0.0,0.0,0.0,0.0,0.00,0.0%
Foderingham,GK,4.0,0,0.0,0.0,0.0,0.0,0.0,0.00,0.0%
Hegyi,GK,4.0,0,0.0,0.0,0.0,0.0,0.0,0.00,0.0%
Emerson,DEF,4.4,0,0.0,0.0,0.0,0.0,0.0,0.00,0.0%
N.Aguerd,DEF,4.4,0,0.0,0.0,0.0,0.0,0.0,0.00,0.0%
Casey,DEF,4.0,0,0.0,0.0,0.0,0.0,0.0,0.00,0.0%
Álvarez,MID,4.9,0,0.0,0.0,0.0,0.0,0.0,0.00,0.0%
Cornet,MID,4.9,0,0.0,0.0,0.0,0.0,0.0,0.00,0.0%
Earthy,MID,4.5,0,0.0,0.0,0.0,0.0,0.0,0.00,0.0%
Orford,MID,4.4,0,0.0,0.0,0.0,0.0,0.0,0.00,0.0%
Bentley,GK,4.0,0,0.0,0.0,0.0,0.0,0.0,0.00,0.0%
King,GK,4.0,0,0.0,0.0,0.0,0.0,0.0,0.00,0.0%
Meupiyou,DEF,4.0,0,0.0,0.0,0.0,0.0,0.0,0.00,0.0%
Pedro Lima,DEF,4.0,0,0.0,0.0,0.0,0.0,0.0,0.00,0.0%
Pond,DEF,3.9,0,0.0,0.0,0.0,0.0,0.0,0.00,0.0%
Guedes,MID,5.5,0,0.0,0.0,0.0,0.0,0.0,0.00,0.0%
B.Traore,MID,5.0,0,0.0,0.0,0.0,0.0,0.0,0.00,0.0%
Chirewa,MID,4.4,0,0.0,0.0,0.0,0.0,0.0,0.00,0.0%
Edozie,MID,4.4,0,0.0,0.0,0.0,0.0,0.0,0.00,0.0%
Gonzalez,MID,4.4,0,0.0,0.0,0.0,0.0,0.0,0.00,0.0%
Hodge,MID,4.5,0,0.0,0.0,0.0,0.0,0.0,0.00,0.0%
Fábio Silva,FWD,4.9,0,0.0,0.0,0.0,0.0,0.0,0.00,0.0%
Kalajdžić,FWD,4.9,0,0.0,0.0,0.0,0.0,0.0,0.00,0.0%
Chiwome,FWD,4.4,0,0.0,0.0,0.0,0.0,0.0,0.00,0.0%
Fraser,FWD,4.4,0,0.0,0.0,0.0,0.0,0.0,0.00,0.5%
Gunn,GK,4.0,0,0.0,0.0,0.0,0.0,0.0,0.00,0.0%
Rees-Dottin,MID,4.4,0,0.0,0.0,0.0,0.0,0.0,0.00,0.0%
Wright,GK,4.0,0,0.0,0.0,0.0,0.0,0.0,0.00,0.0%
Seung soo,MID,4.4,0,0.0,0.0,0.0,0.0,0.0,0.00,0.0%
Leoni,DEF,4.9,0,0.0,0.0,0.0,0.0,0.0,0.00,0.0%
Rowe,DEF,4.0,0,0.0,0.0,0.0,0.0,0.0,0.00,0.0%
Burrowes,MID,4.5,0,0.0,0.0,0.0,0.0,0.0,0.00,0.0%
Proctor,GK,4.0,0,0.0,0.0,0.0,0.0,0.0,0.00,0.0%
Onyango,MID,4.5,0,0.0,0.0,0.0,0.0,0.0,0.00,0.0%
Campbell,DEF,4.0,0,0.0,0.0,0.0,0.0,0.0,0.00,0.0%
Patterson,DEF,3.9,0,0.0,0.0,0.0,0.0,0.0,0.00,0.0%
Harriman-Annous,MID,4.5,0,0.0,0.0,0.0,0.0,0.0,0.00,0.0%
Cuiabano,DEF,4.5,0,0.0,0.0,0.0,0.0,0.0,0.00,0.0%
Fabianski,GK,4.5,0,0.0,0.0,0.0,0.0,0.0,0.00,0.0%
Mukasa,MID,4.5,0,0.0,0.0,0.0,0.0,0.0,0.00,0.0%
Mfuni,DEF,4.0,0,0.0,0.0,0.0,0.0,0.0,0.00,0.0%
Gray,FWD,4.5,0,0.0,0.0,0.0,0.0,0.0,0.00,0.0%
McAidoo,MID,4.5,0,0.0,0.0,0.0,0.0,0.0,0.00,0.0%
Emenalo,MID,4.5,0,0.0,0.0,0.0,0.0,0.0,0.00,0.0%
Axel Disasi,DEF,99.9,0,0.0,0.0,0.0,0.0,0.0,0.00,0.0%
Raheem Sterling,FWD,99.9,0,0.0,0.0,0.0,0.0,0.0,0.00,0.0%
Sam Chambers,MID,99.9,0,0.0,0.0,0.0,0.0,0.0,0.00,0.0%
John Ruddy,GK,99.9,0,0.0,0.0,0.0,0.0,0.0,0.00,0.0%
